Date : 03/05/2020
Heure : 22:06:44
Prenom et Nom : Catanea Esteban

Poids : 88
Taille : 1.86
BMI : 25.4364666435426

Date : 04/05/2020
Heure : 22:06:44
Prenom et Nom : Catanea Esteban

Poids : 77
Taille : 1.86
BMI : 22.25690831309978

