Date : 04/05/2020
Heure : 18:26:57
Prenom et Nom : Catanea Esteban
Poids : 89
Taille : 1.86
BMI : 25.725517400855587

Date : 05/05/2020
Heure : 18:26:57
Prenom et Nom : Catanea Esteban
Poids : 77
Taille : 1.86
BMI : 22.25690831309978

